Report,Elapsed Time (s),CPI Rate,Retiring (%),Front-End Bound (%),Bad Speculation (%),Memory Bound (%),Core Bound (%),Average CPU Frequency (GHz)
503_1000_0,105.344,0.607,41.2,3.9,0.2,14.3,40.3,0.997579
503_1000_1,105.402,0.607,40.7,3.7,0.3,14.4,40.9,0.9975510000000001
503_1000_2,105.422,0.607,41.4,3.5,0.2,14.3,40.6,0.997703
503_1000_3,105.369,0.607,41.5,3.6,0.4,14.2,40.4,0.9975890000000001
503_1000_4,105.363,0.607,41.1,3.8,0.3,14.4,40.4,0.997045
503_1100_0,96.227,0.610,41.4,3.2,0.4,14.6,40.4,1.097
503_1100_1,96.212,0.610,41.3,3.6,0.3,14.6,40.2,1.097
503_1100_2,96.217,0.609,41.3,3.6,0.3,14.7,40.1,1.097
503_1100_3,96.205,0.610,41.1,3.6,0.3,15.1,39.9,1.097
503_1100_4,96.303,0.610,40.9,2.8,0.4,14.5,41.4,1.097
503_1200_0,88.725,0.613,41.9,2.6,0.3,15.0,40.3,1.197
503_1200_1,88.792,0.614,40.5,3.9,0.6,15.4,39.6,1.197
503_1200_2,88.619,0.613,41.1,3.1,0.3,14.7,40.8,1.197
503_1200_3,88.792,0.614,40.5,3.7,0.3,15.6,39.9,1.197
503_1200_4,88.685,0.613,41.4,3.1,0.2,14.9,40.3,1.197
503_1300_0,82.554,0.618,41.1,3.4,0.3,15.1,40.1,1.296
503_1300_1,82.430,0.617,41.1,3.5,0.3,15.4,39.7,1.296
503_1300_2,82.423,0.617,41.3,3.3,0.3,15.4,39.8,1.297
503_1300_3,82.534,0.618,40.9,3.2,0.2,15.4,40.3,1.296
503_1300_4,82.501,0.618,41.0,3.4,0.3,15.5,39.8,1.296
503_1500_0,72.338,0.625,40.6,3.9,0.3,16.2,39.0,1.497
503_1500_1,72.429,0.626,40.2,3.8,0.7,16.1,39.1,1.496
503_1500_2,72.376,0.625,40.2,3.6,0.3,16.4,39.6,1.496
503_1500_3,72.500,0.626,40.5,3.9,0.3,16.8,38.5,1.496
503_1500_4,72.403,0.626,40.1,3.9,0.6,16.5,38.9,1.496
503_1600_0,68.434,0.631,40.1,3.4,0.3,17.3,38.9,1.596
503_1600_1,68.347,0.630,39.9,3.3,0.2,17.4,39.2,1.596
503_1600_2,68.443,0.631,40.1,3.4,0.2,17.2,39.0,1.596
503_1600_3,68.419,0.631,40.2,3.4,0.2,17.0,39.3,1.595
503_1600_4,68.441,0.631,39.4,3.4,0.3,17.3,39.6,1.596
503_1700_0,64.986,0.637,39.2,3.2,0.3,17.9,39.4,1.696
503_1700_1,65.008,0.636,39.1,2.8,0.3,17.1,40.7,1.695
503_1700_2,65.062,0.637,39.2,2.6,0.3,17.6,40.3,1.695
503_1700_3,64.921,0.635,39.4,3.2,0.3,17.8,39.3,1.695
503_1700_4,64.848,0.635,39.3,3.2,0.2,18.1,39.1,1.695
503_1800_0,61.585,0.638,37.9,3.5,0.3,18.6,39.7,1.795
503_1800_1,61.468,0.637,39.0,2.8,0.2,16.6,41.4,1.795
503_1800_2,61.494,0.638,38.6,3.6,0.2,18.2,39.3,1.795
503_1800_3,61.481,0.637,38.9,3.6,0.2,18.3,39.0,1.795
503_1800_4,61.521,0.638,38.7,3.5,0.2,17.9,39.7,1.794
503_1900_0,58.486,0.640,40.1,2.9,0.2,17.7,39.1,1.893
503_1900_1,58.649,0.642,39.4,3.0,0.3,18.5,38.8,1.895
503_1900_2,58.543,0.641,38.9,2.7,0.3,17.4,40.7,1.895
503_1900_3,58.274,0.637,39.2,3.1,0.2,17.7,39.8,1.894
503_1900_4,58.713,0.642,39.4,3.1,0.2,17.4,40.0,1.894
503_2000_0,55.974,0.645,40.3,3.1,0.4,18.8,37.4,1.995
503_2000_1,55.939,0.644,39.7,3.1,0.3,18.8,38.1,1.994
503_2000_2,56.021,0.645,39.4,3.1,0.3,18.9,38.4,1.994
503_2000_3,55.966,0.644,39.9,3.3,0.2,18.7,37.9,1.994
503_2000_4,55.989,0.645,39.5,3.1,0.3,18.5,38.6,1.993
503_2100_0,53.623,0.648,37.8,2.9,0.3,18.9,40.1,2.094
503_2100_1,53.427,0.646,39.0,2.8,0.4,18.6,39.2,2.094
503_2100_3,53.625,0.649,39.2,3.7,0.6,18.6,37.9,2.095
503_2100_4,53.613,0.648,38.6,3.7,0.2,18.3,39.2,2.093
503_2300_0,49.294,0.653,38.4,3.4,0.3,19.3,38.6,2.293
503_2300_1,49.440,0.655,38.8,3.0,0.6,20.9,36.7,2.293
503_2300_2,49.372,0.654,39.3,3.6,0.7,19.7,36.7,2.292
503_2300_3,49.253,0.652,39.0,4.1,0.2,18.7,37.9,2.292
503_2300_4,49.279,0.653,38.4,4.0,0.2,18.7,38.6,2.294
503_2400_0,47.470,0.656,38.2,3.3,0.2,19.5,38.7,2.392
503_2400_1,47.414,0.656,38.1,3.6,0.4,19.9,38.0,2.393
503_2400_2,47.544,0.657,37.6,4.2,0.6,19.6,38.0,2.393
503_2400_3,47.461,0.656,38.3,3.4,0.3,19.4,38.6,2.393
503_2400_4,47.526,0.657,37.7,4.2,0.3,20.5,37.2,2.392
503_2500_0,45.830,0.660,37.7,3.9,0.3,21.2,36.9,2.492
503_2500_1,45.817,0.660,38.1,3.5,0.6,20.8,37.0,2.492
503_2500_2,45.717,0.658,38.6,3.2,0.7,19.3,38.3,2.492
503_2500_3,45.879,0.661,38.4,4.1,0.2,19.3,38.0,2.494
503_2500_4,45.844,0.660,38.8,3.5,0.2,20.1,37.4,2.493
503_2600_0,42.629,0.639,40.0,3.8,0.3,18.7,37.2,2.592
503_2600_1,42.548,0.638,38.9,2.9,0.6,17.0,40.6,2.592
503_2600_2,42.612,0.639,40.3,4.3,0.2,18.1,37.2,2.591
503_2600_3,42.579,0.638,39.2,2.7,0.4,17.1,40.5,2.592
503_2600_4,42.424,0.636,39.8,3.7,0.3,16.5,39.7,2.591
503_3700_0,32.278,0.685,35.7,3.2,0.6,23.3,37.1,3.672
503_3700_1,32.346,0.684,35.6,3.5,0.3,23.8,36.8,3.665
503_3700_2,32.312,0.684,36.0,4.5,0.5,23.2,35.8,3.666
503_3700_3,32.351,0.685,36.8,3.4,0.3,22.8,36.7,3.668
503_3700_4,32.341,0.684,36.0,3.4,0.3,23.6,36.6,3.664
507_1000_0,88.692,0.585,43.2,4.6,0.1,16.2,35.9,0.9974059999999999
507_1000_1,88.690,0.585,43.1,4.5,0.1,17.3,35.0,0.997282
507_1000_2,88.730,0.585,43.0,4.6,0.1,18.0,34.3,0.9979389999999999
507_1000_3,88.666,0.584,43.5,4.3,0.2,17.4,34.7,0.997214
507_1000_4,88.641,0.584,43.3,4.3,0.1,17.1,35.2,0.997293
507_1100_0,81.030,0.588,43.3,4.3,0.1,18.2,34.1,1.097
507_1100_1,81.146,0.588,42.6,4.4,0.1,17.7,35.2,1.097
507_1100_2,81.218,0.589,42.8,4.1,0.1,18.2,34.8,1.097
507_1100_3,81.226,0.589,42.6,4.2,0.1,18.1,35.0,1.097
507_1100_4,81.314,0.590,42.4,4.3,0.2,18.2,34.8,1.097
507_1200_0,75.296,0.596,41.8,4.2,0.1,17.9,36.0,1.197
507_1200_1,75.495,0.597,42.6,5.0,0.2,17.7,34.4,1.197
507_1200_2,75.270,0.595,43.8,4.2,0.0,18.7,33.3,1.197
507_1200_3,75.399,0.597,42.2,4.2,0.2,18.5,35.0,1.197
507_1200_4,75.255,0.596,42.7,4.3,0.1,18.2,34.8,1.197
507_1300_0,70.360,0.603,42.0,4.2,0.1,19.3,34.3,1.297
507_1300_1,70.422,0.603,41.4,4.3,0.3,19.5,34.5,1.296
507_1300_2,70.526,0.604,41.8,4.3,0.0,20.1,33.8,1.297
507_1300_3,70.565,0.605,41.7,4.3,0.3,19.3,34.4,1.296
507_1300_4,70.574,0.605,41.8,4.1,0.1,19.6,34.4,1.296
507_1500_0,62.664,0.620,39.7,3.8,0.2,22.2,34.0,1.495
507_1500_1,62.704,0.620,41.0,4.4,0.2,20.2,34.3,1.496
507_1500_2,62.550,0.619,40.2,4.2,0.1,20.9,34.6,1.495
507_1500_3,62.759,0.621,40.4,3.9,0.1,21.2,34.4,1.497
507_1500_4,62.767,0.621,40.3,4.1,0.2,21.2,34.2,1.496
507_1600_0,59.504,0.628,40.3,4.1,0.2,22.0,33.4,1.596
507_1600_1,59.508,0.628,39.7,3.9,0.1,22.3,34.0,1.596
507_1600_2,59.458,0.627,40.4,4.2,0.2,22.0,33.2,1.596
507_1600_3,59.554,0.629,39.9,3.9,0.1,22.0,34.1,1.596
507_1600_4,59.472,0.628,40.0,4.1,0.2,21.5,34.2,1.596
507_1700_0,56.679,0.635,39.8,4.3,0.3,22.6,33.0,1.695
507_1700_1,56.830,0.637,39.6,4.0,0.1,23.2,33.0,1.695
507_1700_2,56.649,0.635,39.3,4.2,0.3,22.3,33.9,1.696
507_1700_3,56.762,0.636,39.9,4.3,0.2,22.8,32.9,1.695
507_1700_4,56.781,0.636,39.4,4.3,0.2,22.0,34.1,1.695
507_1800_0,54.276,0.644,39.2,4.0,0.2,23.7,32.9,1.794
507_1800_1,54.216,0.644,38.7,4.3,0.1,23.2,33.7,1.796
507_1800_2,54.199,0.643,39.4,3.9,0.1,23.3,33.3,1.795
507_1800_3,54.169,0.643,39.2,4.0,0.1,22.3,34.3,1.795
507_1800_4,54.186,0.643,39.7,3.9,0.3,23.5,32.7,1.794
507_1900_0,52.138,0.653,38.6,4.1,0.3,24.6,32.6,1.896
507_1900_1,51.957,0.651,38.7,4.3,0.1,23.7,33.3,1.895
507_1900_2,52.010,0.651,38.2,4.4,0.1,25.8,31.5,1.894
507_1900_3,52.030,0.652,38.6,4.1,0.2,25.2,32.0,1.895
507_1900_4,52.083,0.653,38.6,4.2,0.1,25.0,32.2,1.894
507_2000_0,50.013,0.659,38.3,4.1,0.1,25.2,32.3,1.994
507_2000_1,50.088,0.660,38.8,3.9,0.1,24.2,32.9,1.993
507_2000_2,50.218,0.662,38.4,3.9,0.1,24.7,32.9,1.993
507_2000_3,50.274,0.663,38.7,4.1,0.1,24.5,32.7,1.994
507_2000_4,50.027,0.660,38.5,4.3,0.2,24.5,32.6,1.995
507_2100_0,48.457,0.670,37.8,3.9,0.1,26.1,32.1,2.092
507_2100_1,48.424,0.670,37.9,4.2,0.1,24.8,33.0,2.094
507_2100_2,48.417,0.670,37.9,3.9,0.1,25.4,32.8,2.095
507_2100_3,48.391,0.670,38.0,4.1,0.1,25.3,32.6,2.094
507_2100_4,48.462,0.671,37.8,3.8,0.1,26.1,32.2,2.094
507_2300_0,44.261,0.670,37.8,3.7,0.1,26.2,32.2,2.291
507_2300_1,44.233,0.670,37.3,4.0,0.3,26.9,31.5,2.293
507_2300_2,44.339,0.672,37.7,4.0,0.1,27.1,31.2,2.294
507_2300_3,44.109,0.668,37.9,3.9,0.2,25.7,32.4,2.293
507_2300_4,44.098,0.668,37.9,3.9,0.1,25.4,32.7,2.294
507_2400_0,42.493,0.672,38.0,3.9,0.1,26.4,31.6,2.392
507_2400_1,42.621,0.675,36.5,4.6,0.1,26.8,32.0,2.393
507_2400_2,42.600,0.674,37.5,3.8,0.1,26.0,32.7,2.393
507_2400_3,42.584,0.674,37.6,3.9,0.2,24.9,33.4,2.393
507_2400_4,42.826,0.678,36.9,3.7,0.2,26.5,32.7,2.392
507_2500_0,41.048,0.676,37.0,4.1,0.1,26.3,32.5,2.493
507_2500_1,41.049,0.676,37.3,3.6,0.1,26.1,32.9,2.493
507_2500_2,41.360,0.681,37.1,6.4,0.2,22.0,34.3,2.491
507_2500_3,40.924,0.674,37.5,5.9,0.1,25.5,31.0,2.492
507_2500_4,40.934,0.674,37.5,3.7,0.2,24.6,34.1,2.492
507_2600_0,36.880,0.632,39.7,3.8,0.1,23.2,33.2,2.592
507_2600_1,36.796,0.631,39.6,3.9,0.1,22.3,34.0,2.592
507_2600_2,36.796,0.631,40.0,3.8,0.1,22.9,33.2,2.591
507_2600_3,36.859,0.632,39.8,3.8,0.1,22.3,34.0,2.591
507_2600_4,36.804,0.632,39.4,4.3,0.1,23.5,32.8,2.592
507_3700_0,28.460,0.689,36.5,3.6,0.2,26.5,33.3,3.665
507_3700_1,28.333,0.686,36.9,3.5,0.2,27.5,31.9,3.666
507_3700_2,28.429,0.689,35.8,3.8,0.2,27.5,32.7,3.666
507_3700_3,28.393,0.688,36.4,3.6,0.1,28.5,31.5,3.666
507_3700_4,28.440,0.688,36.7,3.8,0.1,27.3,32.2,3.663
508_1000_0,107.059,0.373,66.8,2.2,4.6,3.4,23.1,0.997187
508_1000_1,106.650,0.371,67.4,2.3,4.2,3.2,22.9,0.997618
508_1000_2,106.632,0.371,67.2,2.3,4.2,3.5,22.8,0.997298
508_1000_3,106.832,0.372,66.8,2.3,4.6,3.4,22.8,0.9974489999999999
508_1000_4,106.623,0.371,67.9,2.3,4.3,3.1,22.5,0.997298
508_1100_0,96.742,0.371,67.3,2.3,4.2,3.4,22.7,1.097
508_1100_1,97.222,0.373,67.2,2.3,4.2,3.4,22.9,1.097
508_1100_2,98.142,0.376,66.5,2.2,4.2,3.7,23.4,1.097
508_1100_3,97.002,0.372,67.6,2.3,4.2,3.3,22.5,1.097
508_1100_4,97.273,0.373,67.1,2.2,4.6,3.4,22.8,1.097
508_1200_0,89.071,0.372,66.6,2.3,4.1,3.5,23.5,1.197
508_1200_1,89.791,0.375,66.7,2.2,4.1,3.4,23.5,1.197
508_1200_2,88.933,0.372,66.3,2.2,4.2,3.5,23.8,1.197
508_1200_3,89.756,0.375,66.5,2.2,4.1,3.5,23.7,1.197
508_1200_4,89.027,0.372,66.8,2.3,4.1,3.7,23.1,1.197
508_1300_0,82.470,0.373,67.5,2.2,4.6,3.3,22.4,1.296
508_1300_1,82.088,0.371,67.4,2.3,4.1,3.4,22.7,1.297
508_1300_2,83.121,0.376,66.0,2.6,5.1,3.5,22.8,1.296
508_1300_3,82.513,0.373,67.5,2.3,4.2,3.3,22.7,1.297
508_1300_4,82.116,0.372,67.3,2.3,4.2,3.4,22.7,1.297
508_1500_0,71.787,0.375,66.5,2.3,4.1,3.5,23.7,1.496
508_1500_1,71.127,0.372,66.9,2.6,4.2,3.4,23.0,1.496
508_1500_2,71.195,0.372,67.4,2.4,4.2,3.3,22.7,1.497
508_1500_3,71.122,0.372,66.5,2.8,4.3,3.1,23.3,1.496
508_1500_4,71.261,0.372,67.3,2.4,4.2,3.3,22.8,1.496
508_1600_0,66.707,0.372,66.9,2.5,4.2,3.4,23.0,1.595
508_1600_1,66.726,0.372,66.8,2.5,4.2,3.5,23.0,1.595
508_1600_2,67.052,0.374,67.3,2.4,4.1,3.6,22.6,1.595
508_1600_3,66.932,0.373,67.3,2.4,4.2,3.4,22.7,1.595
508_1600_4,66.720,0.372,66.9,2.5,4.2,3.4,23.0,1.596
508_1700_0,62.780,0.372,67.6,2.5,4.2,3.3,22.4,1.695
508_1700_1,62.868,0.372,67.5,2.5,4.1,3.3,22.6,1.695
508_1700_2,62.724,0.372,67.6,2.5,4.1,3.3,22.6,1.695
508_1700_4,63.104,0.374,67.4,2.5,4.1,3.6,22.4,1.695
508_1800_0,59.535,0.373,66.9,2.2,4.1,3.5,23.3,1.795
508_1800_1,59.529,0.373,67.0,2.2,4.1,3.5,23.2,1.796
508_1800_2,59.760,0.375,67.1,2.5,4.1,3.4,22.9,1.795
508_1800_3,59.725,0.375,67.0,2.5,4.0,3.4,23.1,1.795
508_1800_4,59.620,0.374,67.1,2.4,4.1,3.4,22.9,1.795
508_1900_0,56.419,0.373,66.8,2.2,4.0,3.7,23.3,1.894
508_1900_1,56.382,0.373,66.9,2.2,4.0,3.7,23.2,1.894
508_1900_2,55.416,0.367,68.0,2.4,4.1,3.2,22.2,1.895
508_1900_3,55.399,0.367,68.2,2.4,4.3,3.1,21.9,1.895
508_1900_4,55.622,0.368,67.7,2.5,4.1,3.5,22.2,1.895
508_2000_0,53.186,0.370,67.5,2.5,4.1,3.7,22.2,1.995
508_2000_1,53.505,0.372,67.5,2.4,4.1,3.6,22.4,1.994
508_2000_2,53.492,0.372,67.8,2.4,4.0,3.5,22.2,1.994
508_2000_3,53.595,0.373,67.2,2.4,4.1,3.5,22.9,1.995
508_2000_4,53.522,0.372,67.6,2.4,4.2,3.4,22.4,1.994
508_2100_0,50.930,0.372,67.6,2.6,4.0,3.3,22.5,2.093
508_2100_1,51.386,0.376,66.8,2.2,4.0,3.4,23.6,2.094
508_2100_2,49.912,0.365,69.0,2.4,4.1,3.2,21.4,2.094
508_2100_3,51.255,0.375,66.9,2.4,5.6,3.1,22.0,2.093
508_2100_4,49.856,0.364,69.0,2.3,4.2,3.2,21.4,2.095
508_2300_0,46.369,0.371,67.2,2.7,4.2,3.4,22.5,2.293
508_2300_1,46.607,0.373,67.5,2.5,4.8,3.3,21.9,2.294
508_2300_2,45.474,0.364,68.4,2.3,4.1,3.2,22.0,2.292
508_2300_3,46.680,0.374,67.3,2.4,3.9,3.6,22.8,2.293
508_2300_4,46.772,0.374,66.7,2.9,4.0,3.8,22.7,2.293
508_2400_0,44.660,0.374,68.0,2.8,4.7,3.5,20.9,2.394
508_2400_1,44.996,0.376,67.6,2.3,4.3,3.4,22.4,2.394
508_2400_2,44.589,0.373,66.9,3.1,4.7,3.7,21.6,2.393
508_2400_3,44.591,0.373,66.5,3.3,4.7,3.5,22.0,2.393
508_2400_4,44.456,0.372,67.4,2.6,4.1,3.5,22.4,2.393
508_2500_0,42.463,0.369,68.0,2.5,4.7,3.3,21.6,2.492
508_2500_1,42.951,0.374,66.7,2.8,4.1,3.8,22.6,2.491
508_2500_2,42.037,0.366,68.6,2.2,3.8,3.3,22.1,2.493
508_2500_3,42.813,0.373,67.1,2.6,4.1,3.3,22.9,2.492
508_2500_4,42.929,0.373,66.3,3.0,4.2,3.5,23.1,2.491
508_2600_0,40.864,0.370,67.3,2.8,4.1,3.4,22.4,2.591
508_2600_1,40.855,0.370,67.4,2.8,4.4,3.3,22.0,2.593
508_2600_2,41.090,0.372,66.3,2.6,4.6,3.8,22.8,2.591
508_2600_3,41.064,0.372,66.2,2.6,4.6,3.7,23.0,2.591
508_2600_4,40.878,0.370,67.2,2.6,4.0,3.4,22.8,2.591
508_3700_0,29.187,0.372,66.4,2.9,4.6,3.7,22.5,3.66
508_3700_1,29.227,0.373,66.2,3.0,4.6,3.7,22.6,3.66
508_3700_2,29.173,0.372,66.2,2.9,4.6,3.7,22.6,3.662
508_3700_3,29.226,0.372,66.2,2.9,4.6,3.7,22.7,3.659
508_3700_4,29.200,0.373,66.3,3.0,4.5,3.4,22.8,3.661
510_1000_0,127.211,0.463,47.6,12.7,6.2,8.9,24.5,0.997577
510_1000_1,127.248,0.463,47.3,12.7,6.1,9.3,24.6,0.997308
510_1000_2,127.256,0.463,47.3,12.8,6.2,9.0,24.6,0.997727
510_1000_3,127.247,0.463,47.5,12.8,6.1,9.0,24.5,0.997893
510_1000_4,127.455,0.464,47.6,12.9,6.1,8.9,24.5,0.9975449999999999
510_1100_0,116.227,0.466,47.1,12.7,6.7,9.3,24.2,1.097
510_1100_1,115.898,0.464,47.1,12.3,6.7,9.6,24.3,1.097
510_1100_2,115.890,0.464,47.5,12.3,6.3,9.1,24.8,1.097
510_1100_3,115.850,0.464,47.2,12.3,6.7,9.3,24.5,1.097
510_1100_4,115.888,0.464,47.6,12.2,6.3,9.2,24.7,1.097
510_1200_0,106.487,0.465,47.8,13.5,6.6,8.8,23.3,1.197
510_1200_1,106.531,0.466,48.1,13.4,6.6,8.7,23.2,1.197
510_1200_2,106.561,0.465,48.0,13.6,6.6,8.5,23.3,1.196
510_1200_3,106.464,0.465,47.8,13.3,6.7,8.9,23.3,1.197
510_1200_4,106.515,0.465,47.9,13.5,6.6,8.5,23.5,1.197
510_1300_0,99.404,0.468,47.3,13.1,6.7,9.3,23.6,1.297
510_1300_1,99.396,0.468,47.4,13.1,6.7,9.0,23.8,1.297
510_1300_2,99.350,0.468,47.4,13.1,6.5,9.1,24.0,1.296
510_1300_3,99.383,0.468,47.3,12.9,6.7,9.2,24.0,1.297
510_1300_4,99.496,0.468,46.2,12.7,6.5,9.7,24.9,1.296
510_1500_0,86.226,0.471,46.0,13.4,6.8,9.6,24.2,1.496
510_1500_1,86.227,0.471,46.0,13.5,7.0,9.5,23.9,1.497
510_1500_2,86.248,0.471,46.1,13.4,6.7,9.5,24.4,1.496
510_1500_3,86.228,0.471,46.1,13.4,6.8,9.4,24.4,1.496
510_1500_4,86.210,0.471,45.7,13.3,7.2,9.9,23.9,1.496
510_1600_0,81.286,0.474,45.7,12.3,6.5,10.7,24.8,1.596
510_1600_1,81.292,0.474,45.7,12.3,6.5,10.9,24.5,1.595
510_1600_2,81.221,0.473,46.2,12.1,6.4,10.5,24.9,1.596
510_1600_3,81.246,0.473,46.0,12.1,6.6,10.5,24.9,1.595
510_1600_4,81.242,0.473,45.9,12.1,6.6,10.5,25.0,1.596
510_1700_0,76.804,0.475,45.6,12.2,6.8,11.4,24.1,1.695
510_1700_1,76.771,0.475,45.8,12.2,6.6,10.7,24.6,1.696
510_1700_2,76.816,0.475,45.9,12.1,6.6,11.2,24.2,1.695
510_1700_3,76.762,0.475,45.6,12.1,7.1,11.1,24.1,1.696
510_1700_4,76.828,0.476,46.3,12.3,6.5,10.6,24.4,1.696
510_1800_0,72.927,0.478,46.4,11.8,5.6,11.2,25.0,1.795
510_1800_1,73.012,0.478,47.0,11.7,5.7,11.0,24.6,1.794
510_1800_2,72.891,0.478,46.7,11.8,5.6,10.9,25.1,1.795
510_1800_3,72.899,0.478,46.2,11.8,5.6,11.0,25.5,1.795
510_1800_4,72.879,0.478,46.3,11.6,5.8,11.2,25.1,1.795
510_1900_0,69.481,0.481,45.7,12.0,6.0,11.3,25.0,1.894
510_1900_1,69.469,0.481,45.5,11.9,5.9,11.2,25.4,1.895
510_1900_2,69.499,0.481,45.7,12.1,5.9,11.0,25.3,1.895
510_1900_3,69.473,0.481,45.8,11.9,5.9,11.4,25.0,1.895
510_1900_4,69.440,0.480,45.9,11.8,5.9,11.6,24.8,1.894
510_2000_0,66.824,0.483,45.0,12.5,6.0,11.4,25.0,1.995
510_2000_1,66.793,0.483,45.0,12.3,6.1,11.6,25.0,1.995
510_2000_2,66.793,0.483,44.7,12.2,6.3,11.2,25.6,1.994
510_2000_3,66.768,0.483,44.8,12.3,6.3,10.9,25.7,1.995
510_2000_4,66.791,0.483,44.7,12.2,6.3,11.5,25.4,1.994
510_2100_0,63.881,0.485,45.4,12.2,5.5,11.8,25.1,2.094
510_2100_1,63.913,0.485,45.2,12.1,5.7,12.0,25.0,2.094
510_2100_2,63.881,0.485,44.9,12.4,5.7,11.7,25.4,2.094
510_2100_3,64.037,0.486,45.8,12.4,5.8,11.8,24.2,2.094
510_2100_4,63.970,0.486,44.5,12.3,6.0,12.1,25.1,2.094
510_2300_0,57.952,0.485,44.7,12.4,6.4,12.0,24.5,2.294
510_2300_1,57.911,0.485,45.0,12.1,6.2,11.8,24.9,2.294
510_2300_2,57.947,0.485,44.9,12.4,6.4,12.4,23.8,2.293
510_2300_3,57.939,0.485,45.0,12.2,6.5,12.3,24.1,2.293
510_2300_4,57.944,0.485,45.0,12.1,6.4,12.3,24.2,2.293
510_2400_0,55.496,0.485,45.2,12.2,6.3,11.8,24.4,2.393
510_2400_1,55.558,0.485,45.1,11.8,5.8,12.4,24.9,2.393
510_2400_2,55.507,0.485,44.9,12.0,6.2,12.3,24.5,2.392
510_2400_3,55.507,0.485,45.0,12.0,6.2,12.3,24.5,2.393
510_2400_4,55.473,0.484,44.8,12.0,6.2,12.1,24.7,2.391
510_2500_0,53.353,0.485,45.7,11.8,5.5,12.3,24.7,2.493
510_2500_1,53.371,0.485,45.7,12.0,5.5,12.8,24.0,2.493
510_2500_2,53.371,0.485,45.6,12.0,5.6,12.7,24.2,2.493
510_2500_3,53.339,0.485,46.0,12.2,5.6,12.3,23.9,2.493
510_2500_4,53.352,0.485,45.9,12.0,5.5,12.5,24.0,2.493
510_2600_0,49.614,0.470,46.6,13.2,6.2,9.4,24.6,2.594
510_2600_1,49.593,0.470,46.0,13.3,6.3,9.2,25.2,2.591
510_2600_2,49.604,0.470,46.0,13.4,6.4,9.1,25.0,2.592
510_2600_3,49.582,0.470,45.9,13.2,6.4,9.1,25.4,2.59
510_2600_4,49.601,0.470,46.1,13.5,6.0,9.4,24.9,2.592
510_3700_0,36.710,0.484,45.1,12.1,6.3,11.1,25.4,3.628
510_3700_1,36.708,0.483,44.8,12.1,6.6,10.5,26.0,3.625
510_3700_2,36.694,0.483,44.9,12.2,6.9,11.2,24.8,3.626
510_3700_3,36.680,0.483,45.4,12.0,6.6,10.6,25.5,3.626
510_3700_4,36.711,0.484,44.3,12.5,7.3,11.1,24.9,3.628
511_1000_0,13.454,0.396,64.9,14.0,8.3,2.6,10.3,0.997581
511_1000_1,13.495,0.396,64.8,14.0,8.3,1.2,11.7,0.995943
511_1000_2,13.447,0.395,65.6,14.7,8.3,1.1,10.3,0.996013
511_1000_3,13.447,0.396,66.2,14.0,7.6,2.4,9.7,0.99773
511_1000_4,13.466,0.396,66.1,14.0,8.3,2.3,9.3,0.996835
511_1100_0,12.258,0.397,67.3,14.6,8.3,1.8,8.0,1.097
511_1100_1,12.293,0.398,66.5,13.9,8.9,2.0,8.7,1.097
511_1100_2,12.251,0.396,68.1,14.6,7.6,1.8,7.8,1.094
511_1100_3,12.255,0.396,67.4,14.6,8.3,1.8,7.9,1.094
511_1100_4,12.235,0.396,67.5,14.6,8.3,1.8,7.8,1.094
511_1200_0,11.223,0.396,64.3,14.0,8.3,2.7,10.7,1.193
511_1200_1,11.253,0.397,64.1,14.6,8.3,2.5,10.5,1.194
511_1200_2,11.236,0.397,64.1,14.0,7.6,2.9,11.5,1.197
511_1200_3,11.228,0.396,63.6,14.0,7.6,3.0,11.8,1.194
511_1200_4,11.169,0.394,64.0,14.1,8.3,1.4,12.2,1.195
511_1300_0,10.378,0.396,63.6,14.0,7.6,3.0,11.8,1.291
511_1300_1,10.336,0.395,64.4,14.0,7.7,3.1,10.8,1.293
511_1300_2,10.353,0.395,63.7,13.4,8.3,3.0,11.6,1.294
511_1300_3,10.342,0.396,65.7,14.4,7.9,2.4,9.6,1.296
511_1300_4,10.360,0.396,63.0,13.4,8.3,3.1,12.2,1.293
511_1500_0,8.995,0.396,67.3,14.6,8.9,1.7,7.5,1.493
511_1500_1,8.969,0.395,68.2,14.7,7.6,0.9,8.6,1.493
511_1500_2,8.993,0.396,68.1,14.0,7.6,1.0,9.4,1.489
511_1500_3,9.033,0.398,66.5,13.9,8.9,1.0,9.7,1.491
511_1500_4,8.969,0.396,67.5,14.6,8.3,1.8,7.8,1.494
511_1600_0,8.416,0.395,65.6,14.0,8.3,1.2,10.8,1.592
511_1600_1,8.456,0.397,64.7,14.0,8.2,1.3,11.8,1.593
511_1600_2,8.490,0.399,64.4,13.9,8.2,1.4,12.1,1.59
511_1600_3,8.423,0.396,65.5,14.0,8.3,1.2,11.0,1.591
511_1600_4,8.390,0.395,65.7,14.0,8.3,1.2,10.8,1.592
511_1700_0,8.069,0.404,65.6,13.7,8.4,2.9,9.4,1.693
511_1700_1,8.034,0.400,69.2,15.1,8.2,1.4,6.1,1.684
511_1700_2,8.032,0.401,69.2,14.5,9.4,0.6,6.3,1.69
511_1700_3,7.920,0.395,70.2,14.7,8.3,0.6,6.2,1.685
511_1700_4,7.988,0.398,68.9,14.5,8.2,0.7,7.6,1.689
511_1800_0,7.504,0.397,66.7,14.0,7.6,1.1,10.7,1.789
511_1800_1,7.461,0.394,67.1,14.1,7.7,1.0,10.1,1.789
511_1800_2,7.574,0.400,68.6,14.5,8.6,1.4,6.9,1.79
511_1800_3,7.548,0.399,66.3,13.9,7.6,1.1,11.0,1.787
511_1800_4,7.570,0.399,65.6,15.1,8.2,1.8,9.3,1.785
511_1900_0,7.107,0.396,71.2,14.6,8.3,0.5,5.4,1.886
511_1900_1,7.186,0.400,69.9,14.5,8.2,0.7,6.8,1.885
511_1900_2,7.147,0.398,68.4,19.0,7.6,0.9,4.2,1.884
511_1900_3,7.122,0.397,66.6,19.0,10.1,0.7,3.5,1.889
511_1900_4,7.142,0.398,70.3,15.2,8.2,0.6,5.7,1.887
511_2000_0,6.829,0.401,60.9,18.2,10.0,2.1,8.8,1.99
511_2000_1,6.825,0.401,65.4,13.8,8.2,1.3,11.3,1.986
511_2000_2,6.817,0.399,65.6,15.1,8.8,1.7,8.8,1.982
511_2000_3,6.791,0.399,65.0,15.8,8.8,1.7,8.7,1.991
511_2000_4,6.765,0.397,65.3,14.0,8.2,1.3,11.2,1.987
511_2100_0,6.431,0.396,69.3,14.6,8.3,0.7,7.1,2.083
511_2100_1,6.400,0.395,70.2,14.7,8.9,0.6,5.7,2.089
511_2100_2,6.413,0.396,70.6,14.6,8.3,1.2,5.3,2.091
511_2100_3,6.490,0.400,67.4,14.5,11.3,0.6,6.1,2.082
511_2100_4,6.432,0.397,69.8,14.6,7.6,1.5,6.6,2.088
511_2300_0,5.870,0.396,66.8,14.0,7.6,1.1,10.4,2.287
511_2300_1,5.880,0.396,66.7,14.0,7.6,1.2,10.5,2.281
511_2300_2,5.868,0.395,67.0,14.0,7.7,1.1,10.2,2.28
511_2300_3,5.899,0.398,65.8,16.5,7.6,1.0,9.2,2.282
511_2300_4,5.893,0.397,66.6,14.0,8.2,1.1,10.2,2.284
511_2400_0,5.635,0.396,69.3,14.0,8.3,0.8,7.7,2.379
511_2400_1,5.654,0.399,69.5,13.9,8.2,0.8,7.6,2.386
511_2400_2,5.627,0.396,69.4,14.6,7.6,0.8,7.6,2.385
511_2400_3,5.625,0.397,64.6,13.6,8.3,2.3,11.2,2.39
511_2400_4,5.636,0.397,69.2,14.0,8.3,0.8,7.8,2.381
511_2500_0,5.400,0.395,67.8,14.3,7.7,1.6,8.6,2.48
511_2500_1,5.427,0.398,72.2,15.2,8.2,0.4,4.0,2.483
511_2500_2,5.394,0.394,72.9,15.3,8.3,0.3,3.2,2.473
511_2500_3,5.407,0.396,72.4,15.3,8.3,0.3,3.7,2.49
511_2500_4,5.394,0.395,72.7,15.3,8.3,0.3,3.3,2.482
511_2600_0,5.280,0.403,71.9,15.6,8.8,0.6,3.1,2.582
511_2600_1,5.186,0.395,64.4,13.4,7.7,1.6,12.9,2.574
511_2600_2,5.182,0.395,64.5,13.4,7.7,1.6,12.8,2.576
511_2600_3,5.187,0.396,64.2,13.4,7.6,1.7,13.1,2.581
511_2600_4,5.173,0.394,65.3,13.4,8.3,1.5,11.5,2.579
511_3700_0,3.662,0.394,77.3,16.0,8.3,0.0,0.0,3.644
511_3700_1,3.672,0.393,78.1,16.0,8.3,0.0,0.0,3.623
511_3700_2,3.679,0.396,77.0,15.9,8.3,0.0,0.0,3.638
511_3700_3,3.681,0.395,77.7,15.9,8.9,0.0,0.0,3.636
511_3700_4,3.680,0.395,83.4,16.7,8.3,0.0,0.0,3.646
519_1000_0,72.241,0.543,45.9,0.5,0.4,13.9,39.3,0.997154
519_1000_1,72.518,0.545,46.0,0.5,0.1,14.1,39.3,0.9970589999999999
519_1000_2,72.431,0.545,45.9,0.5,0.4,13.7,39.6,0.9977670000000001
519_1000_3,70.692,0.532,46.7,0.5,0.4,14.5,38.0,0.997471
519_1000_4,70.597,0.531,47.0,0.5,0.2,14.2,38.0,0.9971
519_1100_0,66.985,0.554,45.0,1.0,0.2,14.4,39.3,1.097
519_1100_1,67.171,0.556,44.6,0.5,0.2,15.5,39.2,1.097
519_1100_2,67.057,0.555,45.4,0.5,0.2,14.9,39.0,1.097
519_1100_3,66.940,0.554,44.8,0.5,0.2,15.2,39.3,1.097
519_1100_4,67.142,0.555,45.3,0.3,0.2,15.0,39.1,1.097
519_1200_0,62.219,0.562,45.0,0.5,0.3,15.0,39.1,1.197
519_1200_1,62.283,0.562,44.4,0.5,0.2,15.3,39.7,1.197
519_1200_2,62.576,0.565,44.0,0.5,0.2,15.6,39.8,1.197
519_1200_3,60.858,0.549,45.2,0.5,0.2,15.7,38.4,1.197
519_1200_4,60.944,0.550,45.0,0.6,0.4,16.2,37.9,1.197
519_1300_0,57.608,0.563,44.7,0.6,0.2,16.2,38.4,1.296
519_1300_1,57.531,0.563,44.5,0.8,0.2,16.5,38.0,1.297
519_1300_2,57.647,0.564,44.5,0.6,0.2,16.6,38.1,1.297
519_1300_3,57.553,0.563,43.9,0.9,0.2,17.0,37.9,1.296
519_1300_4,57.518,0.563,44.3,0.6,0.2,16.3,38.6,1.297
519_1500_0,52.345,0.591,43.6,0.5,0.2,16.5,39.2,1.496
519_1500_1,52.396,0.591,43.6,0.7,0.2,18.5,37.0,1.496
519_1500_2,52.366,0.591,43.6,0.5,0.2,19.1,36.6,1.496
519_1500_3,52.089,0.588,40.2,0.5,0.2,17.8,41.2,1.496
519_1500_4,52.341,0.590,44.5,0.5,0.3,17.0,37.7,1.496
519_1600_0,49.985,0.601,41.4,0.5,0.2,19.2,38.7,1.595
519_1600_1,50.536,0.608,40.1,0.5,0.2,19.4,39.8,1.595
519_1600_2,50.152,0.604,40.9,0.5,0.2,19.7,38.7,1.595
519_1600_3,50.319,0.606,41.0,0.5,0.2,19.5,38.7,1.596
519_1600_4,50.426,0.607,40.5,0.5,0.2,19.9,38.9,1.595
519_1700_0,48.618,0.622,40.0,0.5,0.1,20.7,38.6,1.695
519_1700_1,48.600,0.621,39.9,0.5,0.2,20.7,38.7,1.695
519_1700_2,48.369,0.619,40.8,0.5,0.1,20.0,38.6,1.696
519_1700_3,48.639,0.622,39.8,0.6,0.2,20.8,38.5,1.695
519_1700_4,49.073,0.627,39.8,0.5,0.3,20.2,39.2,1.694
519_1800_0,47.859,0.648,37.6,0.6,0.2,21.9,39.6,1.794
519_1800_1,47.280,0.640,38.8,1.1,0.1,21.7,38.2,1.795
519_1800_2,46.914,0.635,38.9,0.6,0.2,21.4,38.9,1.795
519_1800_3,47.279,0.640,39.0,1.3,0.2,21.7,37.8,1.795
519_1800_4,47.344,0.641,39.8,0.5,0.2,21.4,38.1,1.795
519_1900_0,46.109,0.659,38.0,0.6,0.2,22.4,38.8,1.894
519_1900_1,46.061,0.658,37.7,0.6,0.1,22.3,39.3,1.894
519_1900_2,46.119,0.659,38.2,0.6,0.1,22.7,38.5,1.894
519_1900_3,46.755,0.668,37.5,0.6,0.2,22.3,39.4,1.894
519_1900_4,45.569,0.651,38.6,1.3,0.2,22.0,37.9,1.893
519_2000_0,44.772,0.673,37.9,0.6,0.2,22.9,38.4,1.995
519_2000_1,44.834,0.674,37.8,0.6,0.2,23.3,38.1,1.993
519_2000_2,44.841,0.675,37.6,0.6,0.2,23.2,38.5,1.994
519_2000_3,44.966,0.677,37.5,0.6,0.2,23.1,38.6,1.995
519_2000_4,44.954,0.676,37.2,0.5,0.1,23.5,38.7,1.995
519_2100_0,43.622,0.689,35.2,0.6,0.2,24.7,39.3,2.094
519_2100_1,43.727,0.691,36.1,0.6,0.2,24.8,38.4,2.093
519_2100_2,43.395,0.685,32.5,0.6,0.2,25.9,40.8,2.094
519_2100_3,43.606,0.689,34.7,0.6,0.2,24.9,39.6,2.095
519_2100_4,43.200,0.682,36.6,0.6,0.2,24.1,38.6,2.094
519_2300_0,39.634,0.685,36.7,0.7,0.2,23.6,38.8,2.293
519_2300_1,39.912,0.690,36.4,0.7,0.2,23.8,39.0,2.294
519_2300_2,40.332,0.697,35.6,0.6,0.3,24.3,39.1,2.293
519_2300_3,39.993,0.691,36.4,0.7,0.2,24.2,38.6,2.292
519_2300_4,39.650,0.685,36.4,0.7,0.3,23.7,38.9,2.292
519_2400_0,38.745,0.700,35.2,0.6,0.2,25.0,38.9,2.393
519_2400_1,38.995,0.704,35.7,0.6,0.3,24.1,39.2,2.39
519_2400_2,38.732,0.699,35.4,0.6,0.2,24.7,39.0,2.393
519_2400_3,38.679,0.698,35.2,1.0,0.1,24.5,39.2,2.392
519_2400_4,39.023,0.705,35.4,0.6,0.1,24.7,39.2,2.395
519_2500_0,37.842,0.711,35.2,0.6,0.2,25.2,38.7,2.492
519_2500_1,37.843,0.711,35.8,0.6,0.2,25.0,38.3,2.492
519_2500_2,37.717,0.709,34.6,0.6,0.2,25.2,39.4,2.492
519_2500_3,37.438,0.703,34.4,0.6,0.2,25.8,39.0,2.491
519_2500_4,37.636,0.707,35.0,0.6,0.0,24.6,39.8,2.491
519_2600_0,31.848,0.623,40.6,0.8,0.3,19.6,38.7,2.592
519_2600_1,32.101,0.629,39.0,0.8,0.2,21.1,38.8,2.592
519_2600_2,32.314,0.633,39.0,0.7,0.2,21.3,38.8,2.591
519_2600_3,32.218,0.631,39.0,0.8,0.2,20.9,39.1,2.591
519_2600_4,32.044,0.627,39.8,0.7,0.2,21.0,38.3,2.591
519_3700_0,27.347,0.760,32.0,0.8,0.2,27.3,39.7,3.681
519_3700_1,27.944,0.776,31.7,0.7,0.2,27.6,39.7,3.682
519_3700_2,27.946,0.776,31.6,0.7,0.2,27.5,40.0,3.681
519_3700_3,27.318,0.759,32.5,0.8,0.3,27.5,39.0,3.681
519_3700_4,27.877,0.775,32.1,0.7,0.2,27.4,39.7,3.682
521_1000_0,243.197,0.528,46.1,17.1,7.1,5.6,24.2,0.997457
521_1000_1,243.216,0.528,46.2,15.7,6.5,5.5,26.1,0.997681
521_1000_2,243.551,0.529,45.6,16.1,7.1,6.1,25.2,0.997454
521_1000_3,249.456,0.542,45.9,15.4,6.3,5.9,26.5,0.997756
521_1000_4,251.308,0.546,45.3,15.3,6.1,6.1,27.2,0.99764
521_1100_0,228.913,0.547,44.7,15.4,6.4,6.3,27.2,1.097
521_1100_1,228.825,0.547,45.1,15.5,6.5,6.0,26.8,1.097
521_1100_2,227.706,0.544,46.2,15.2,6.1,6.2,26.3,1.097
521_1100_3,224.728,0.537,46.2,16.3,6.4,5.4,25.7,1.097
521_1100_4,228.397,0.546,45.3,17.1,6.3,5.8,25.4,1.098
521_1200_0,210.262,0.548,46.6,15.4,5.8,5.8,26.4,1.197
521_1200_1,209.714,0.547,45.8,15.3,5.7,6.1,27.1,1.197
521_1200_2,209.934,0.547,45.5,15.9,6.1,5.9,26.6,1.197
521_1200_3,210.038,0.548,46.6,15.4,5.6,6.1,26.3,1.197
521_1200_4,206.846,0.539,46.1,14.6,6.0,6.2,27.0,1.197
521_1300_0,189.859,0.535,46.7,16.2,6.4,5.6,25.1,1.297
521_1300_1,193.742,0.546,46.5,14.6,5.8,6.4,26.8,1.297
521_1300_2,194.299,0.547,45.8,15.5,6.1,6.1,26.5,1.297
521_1300_3,194.839,0.549,45.8,15.8,6.0,6.1,26.3,1.297
521_1300_4,192.223,0.541,46.5,16.2,6.1,5.7,25.5,1.297
521_1500_0,169.113,0.551,46.0,16.5,5.7,6.2,25.6,1.497
521_1500_1,168.843,0.550,45.9,16.2,5.7,6.3,25.9,1.496
521_1500_2,168.440,0.549,45.7,15.2,6.2,6.2,26.7,1.496
521_1500_3,168.128,0.548,45.5,14.2,6.2,6.8,27.3,1.496
521_1500_4,168.303,0.549,45.6,15.4,6.0,6.7,26.3,1.497
521_1600_0,156.585,0.544,47.7,14.7,6.2,5.8,25.6,1.596
521_1600_1,157.822,0.549,44.5,16.2,6.8,6.3,26.2,1.596
521_1600_2,159.085,0.553,44.2,13.4,5.6,7.8,28.9,1.596
521_1600_3,158.620,0.551,48.0,13.6,4.8,7.2,26.4,1.596
521_1600_4,158.852,0.552,45.3,13.3,5.3,8.5,27.6,1.596
521_1700_0,146.692,0.542,45.8,16.0,6.3,6.7,25.2,1.696
521_1700_1,149.226,0.551,45.4,15.5,6.1,6.4,26.6,1.695
521_1700_2,149.762,0.553,44.1,14.6,6.3,7.2,27.9,1.695
521_1700_3,147.764,0.546,46.0,15.3,5.9,6.9,25.9,1.696
521_1700_4,149.285,0.551,45.3,14.6,6.0,6.9,27.1,1.696
521_1800_0,141.053,0.552,45.8,15.4,5.7,6.8,26.2,1.796
521_1800_1,139.924,0.547,46.8,14.6,5.7,6.5,26.3,1.796
521_1800_2,140.800,0.551,45.1,15.5,6.2,6.7,26.6,1.795
521_1800_3,140.932,0.551,44.6,15.1,6.2,7.2,26.9,1.795
521_1800_4,141.191,0.552,44.8,15.3,6.0,7.2,26.7,1.795
521_1900_0,134.348,0.555,44.7,15.5,6.1,6.8,26.8,1.895
521_1900_1,131.770,0.544,45.1,16.0,6.4,6.7,25.8,1.895
521_1900_2,134.291,0.554,44.4,14.8,6.4,7.4,27.0,1.895
521_1900_3,134.061,0.553,44.0,14.7,6.7,7.4,27.2,1.895
521_1900_4,133.594,0.552,45.8,16.3,6.2,6.6,25.2,1.895
521_2000_0,125.526,0.544,45.8,16.6,6.3,6.8,24.5,1.995
521_2000_1,125.169,0.542,47.9,15.7,5.4,6.4,24.6,1.995
521_2000_2,125.973,0.546,43.7,15.8,6.4,7.4,26.6,1.995
521_2000_3,125.945,0.545,45.7,15.6,6.2,6.9,25.6,1.995
521_2000_4,125.862,0.545,45.2,14.8,6.4,7.0,26.6,1.995
521_2100_0,120.213,0.547,46.1,15.5,5.8,6.9,25.8,2.094
521_2100_1,121.714,0.553,46.7,16.1,5.7,6.9,24.7,2.095
521_2100_2,121.629,0.553,45.5,14.6,6.0,7.3,26.5,2.094
521_2100_3,121.405,0.552,45.1,15.7,6.3,7.0,25.8,2.094
521_2100_4,121.233,0.551,44.4,16.2,6.6,6.9,25.8,2.095
521_2300_0,110.476,0.552,46.2,17.0,5.5,6.4,24.9,2.294
521_2300_1,110.326,0.551,45.0,14.9,6.2,7.4,26.4,2.294
521_2300_2,110.084,0.549,46.0,14.5,5.2,7.2,27.0,2.294
521_2300_3,109.688,0.548,46.1,15.4,5.8,7.1,25.7,2.294
521_2300_4,109.715,0.548,46.4,14.6,6.0,6.7,26.2,2.294
521_2400_0,104.948,0.547,43.9,14.5,6.7,7.6,27.4,2.394
521_2400_1,104.819,0.547,45.3,14.6,6.1,7.6,26.4,2.394
521_2400_2,105.120,0.548,46.0,15.3,6.1,7.4,25.1,2.394
521_2400_3,104.527,0.545,45.6,15.8,6.4,6.6,25.5,2.394
521_2400_4,104.720,0.546,45.4,13.9,6.2,8.1,26.4,2.394
521_2500_0,100.714,0.547,45.1,15.6,6.2,7.5,25.6,2.494
521_2500_1,101.521,0.551,45.9,14.6,5.3,7.4,26.9,2.493
521_2500_2,101.378,0.550,45.2,15.6,6.1,7.4,25.7,2.493
521_2500_3,101.930,0.553,45.7,14.4,5.6,7.7,26.6,2.492
521_2500_4,100.719,0.546,45.4,15.6,5.9,7.2,26.0,2.494
521_2600_0,95.377,0.539,47.6,16.9,5.7,5.9,24.0,2.595
521_2600_1,95.229,0.538,46.8,15.2,6.4,5.9,25.6,2.593
521_2600_2,95.190,0.538,46.0,15.8,6.4,6.2,25.7,2.592
521_2600_3,96.017,0.543,46.0,16.2,6.2,6.2,25.4,2.592
521_2600_4,96.597,0.546,44.5,15.2,6.4,7.1,26.7,2.594
521_3700_0,70.153,0.557,45.2,14.4,6.0,7.7,26.7,3.651
521_3700_1,70.172,0.557,44.7,14.7,5.7,7.8,27.0,3.65
521_3700_2,70.099,0.556,44.4,14.9,6.3,7.7,26.7,3.651
521_3700_3,70.042,0.556,45.6,16.0,5.5,7.7,25.2,3.65
521_3700_4,70.881,0.563,44.1,15.2,5.9,7.7,27.2,3.65
538_1000_0,103.433,0.285,94.7,0.2,0.3,0.3,4.4,0.997568
538_1000_1,103.471,0.285,94.7,0.3,0.3,0.3,4.3,0.997451
538_1000_2,101.892,0.280,96.1,0.3,0.3,0.2,3.1,0.99729
538_1000_3,101.713,0.280,96.4,0.3,0.3,0.2,2.7,0.9972799999999999
538_1000_4,101.994,0.281,95.7,0.3,0.3,0.3,3.5,0.997666
538_1100_0,92.845,0.281,96.3,0.3,0.4,0.2,2.8,1.098
538_1100_1,93.300,0.282,94.9,0.3,0.3,0.3,4.2,1.097
538_1100_2,92.858,0.281,96.2,0.3,0.3,0.3,2.9,1.097
538_1100_3,92.660,0.281,95.5,0.2,0.3,0.3,3.6,1.097
538_1100_4,92.719,0.281,95.7,0.5,0.3,0.2,3.2,1.098
538_1200_0,85.255,0.282,96.0,0.3,0.3,0.3,3.1,1.197
538_1200_1,85.078,0.281,96.6,0.3,0.4,0.2,2.5,1.197
538_1200_2,85.056,0.281,96.5,0.3,0.3,0.3,2.7,1.197
538_1200_3,85.046,0.281,96.5,0.3,0.3,0.3,2.7,1.197
538_1200_4,85.078,0.281,96.5,0.3,0.4,0.2,2.6,1.197
538_1300_0,79.672,0.285,94.2,0.2,0.3,0.4,4.8,1.296
538_1300_1,79.681,0.285,94.1,0.2,0.3,0.5,4.8,1.296
538_1300_2,79.671,0.285,94.0,0.3,0.3,0.4,4.9,1.297
538_1300_3,78.932,0.282,95.3,0.3,0.3,0.4,3.8,1.296
538_1300_4,79.622,0.285,94.4,0.3,0.3,0.4,4.5,1.297
538_1500_0,69.265,0.286,94.3,0.2,0.3,0.5,4.6,1.495
538_1500_1,69.252,0.286,94.3,0.2,0.3,0.5,4.6,1.495
538_1500_2,69.197,0.286,94.5,0.2,0.3,0.5,4.5,1.495
538_1500_3,69.303,0.286,94.1,0.2,0.5,0.5,4.7,1.495
538_1500_4,69.378,0.287,94.2,0.2,0.3,0.5,4.8,1.496
538_1600_0,65.179,0.287,93.8,0.2,0.3,0.6,5.0,1.595
538_1600_1,65.055,0.287,94.0,0.2,0.3,0.6,4.8,1.596
538_1600_2,65.122,0.287,93.9,0.2,0.4,0.5,4.9,1.595
538_1600_3,65.080,0.287,94.0,0.2,0.5,0.6,4.7,1.595
538_1600_4,65.163,0.287,93.8,0.2,0.3,0.6,5.0,1.595
538_1700_0,61.332,0.287,94.3,0.3,0.4,0.5,4.4,1.695
538_1700_1,61.377,0.287,94.2,0.2,0.3,0.6,4.7,1.695
538_1700_2,61.392,0.287,94.0,0.2,0.3,0.6,4.8,1.695
538_1700_3,61.498,0.288,93.9,0.2,0.3,0.7,5.0,1.695
538_1700_4,61.672,0.289,93.3,0.2,0.4,0.7,5.3,1.695
538_1800_0,58.031,0.287,93.9,0.2,0.3,0.7,4.9,1.794
538_1800_1,58.106,0.288,93.8,0.2,0.3,0.7,5.0,1.794
538_1800_2,58.137,0.288,93.6,0.2,0.3,0.7,5.1,1.795
538_1800_3,57.963,0.287,94.2,0.2,0.5,0.5,4.5,1.794
538_1800_4,57.796,0.286,95.4,0.2,0.3,0.4,3.6,1.795
538_1900_0,55.105,0.288,95.1,0.4,0.4,0.5,3.5,1.894
538_1900_1,55.043,0.288,94.6,0.2,0.4,0.6,4.2,1.894
538_1900_2,55.224,0.289,94.3,0.2,0.4,0.6,4.4,1.894
538_1900_3,55.226,0.289,94.3,0.2,0.4,0.6,4.4,1.894
538_1900_4,55.260,0.289,93.9,0.2,0.3,0.7,4.8,1.895
538_2000_0,52.564,0.289,93.8,0.3,0.4,0.8,4.7,1.994
538_2000_1,52.693,0.290,94.2,0.2,0.3,0.7,4.6,1.994
538_2000_2,52.437,0.289,93.0,0.5,0.3,0.8,5.4,1.994
538_2000_3,52.393,0.288,93.0,0.2,0.3,0.8,5.6,1.994
538_2000_4,52.454,0.289,93.5,0.5,0.3,0.7,4.9,1.994
538_2100_0,50.222,0.290,93.5,0.2,0.3,0.8,5.1,2.094
538_2100_1,50.092,0.289,93.9,0.2,0.3,0.7,4.8,2.093
538_2100_2,50.188,0.290,93.7,0.2,0.3,0.8,5.0,2.094
538_2100_3,50.297,0.291,92.8,0.4,0.3,0.9,5.6,2.094
538_2100_4,50.148,0.290,93.7,0.2,0.3,0.8,4.9,2.093
538_2300_0,45.771,0.289,94.2,0.2,0.4,0.7,4.5,2.293
538_2300_1,45.735,0.289,94.4,0.2,0.4,0.6,4.3,2.294
538_2300_2,45.655,0.289,93.1,0.3,0.3,0.8,5.4,2.293
538_2300_3,45.794,0.289,94.1,0.2,0.3,0.7,4.7,2.292
538_2300_4,45.931,0.290,93.6,0.2,0.3,0.7,5.1,2.292
538_2400_0,43.933,0.290,94.7,0.2,0.3,0.6,4.3,2.392
538_2400_1,43.518,0.287,94.4,0.2,0.3,0.7,4.5,2.391
538_2400_2,43.950,0.290,94.7,0.2,0.4,0.6,4.2,2.393
538_2400_3,43.779,0.289,92.9,0.2,0.3,0.8,5.6,2.392
538_2400_4,43.902,0.290,93.4,0.2,0.5,0.8,5.1,2.392
538_2500_0,42.228,0.290,93.9,0.2,0.3,0.8,4.8,2.493
538_2500_1,42.260,0.290,94.5,0.3,0.4,0.6,4.2,2.492
538_2500_2,42.308,0.291,94.3,0.2,0.3,0.7,4.4,2.492
538_2500_3,42.227,0.290,93.0,0.2,0.3,0.8,5.7,2.492
538_2500_4,42.312,0.291,94.0,0.2,0.3,0.7,4.7,2.492
538_2600_0,39.875,0.286,94.5,0.3,0.3,0.4,4.4,2.592
538_2600_1,39.937,0.286,94.9,0.2,0.3,0.4,4.3,2.591
538_2600_2,39.868,0.285,94.9,0.2,0.3,0.4,4.2,2.591
538_2600_3,39.941,0.286,94.8,0.2,0.3,0.4,4.3,2.592
538_2600_4,39.895,0.286,94.5,0.2,0.3,0.3,4.7,2.591
538_3700_0,28.384,0.289,92.9,0.2,0.4,0.8,5.6,3.68
538_3700_1,28.526,0.289,95.3,0.2,0.4,0.5,3.6,3.673
538_3700_2,28.389,0.288,92.4,0.3,0.3,0.8,6.2,3.679
538_3700_3,28.269,0.287,95.0,0.2,0.3,0.5,3.9,3.675
538_3700_4,28.498,0.289,95.5,0.2,0.3,0.5,3.5,3.675
544_1000_0,272.674,0.594,41.6,3.6,10.2,11.3,33.3,0.9973759999999999
544_1000_1,273.012,0.594,41.5,3.7,10.7,11.3,32.9,0.9976520000000001
544_1000_2,272.790,0.594,41.6,3.6,10.1,11.3,33.4,0.9976670000000001
544_1000_3,272.450,0.593,41.6,3.7,10.1,11.3,33.3,0.9977290000000001
544_1000_4,272.032,0.592,41.7,3.6,10.2,11.2,33.4,0.997538
544_1100_0,247.833,0.594,41.2,3.7,10.8,11.2,33.0,1.097
544_1100_1,248.016,0.594,42.0,3.4,9.2,11.6,33.8,1.097
544_1100_2,247.550,0.593,42.1,3.4,9.1,11.4,34.1,1.097
544_1100_3,247.981,0.594,42.0,3.3,9.0,11.5,34.1,1.097
544_1100_4,247.645,0.593,41.7,3.7,10.3,11.1,33.3,1.097
544_1200_0,227.205,0.594,41.3,4.0,10.5,11.2,33.0,1.197
544_1200_1,227.421,0.594,41.6,3.6,10.2,11.3,33.4,1.197
544_1200_2,227.136,0.594,41.7,3.9,10.2,11.1,33.2,1.197
544_1200_3,226.827,0.593,41.8,3.6,10.1,11.2,33.4,1.197
544_1200_4,226.790,0.593,41.7,3.4,10.3,11.3,33.3,1.197
544_1300_0,209.378,0.593,41.7,3.6,10.1,11.3,33.3,1.297
544_1300_1,209.571,0.593,41.7,3.5,10.0,11.5,33.4,1.297
544_1300_2,209.733,0.594,41.7,3.6,9.8,11.4,33.5,1.297
544_1300_3,209.316,0.593,41.7,3.7,10.3,11.1,33.2,1.297
544_1300_4,209.946,0.594,41.6,3.7,10.3,11.2,33.1,1.297
544_1500_0,181.746,0.594,41.6,3.6,10.4,11.2,33.2,1.496
544_1500_1,181.878,0.594,41.6,3.6,10.1,11.5,33.3,1.496
544_1500_2,181.806,0.594,41.5,3.6,10.4,11.3,33.2,1.496
544_1500_3,181.782,0.594,41.6,3.5,10.0,11.3,33.6,1.496
544_1500_4,181.636,0.593,41.9,3.6,10.0,11.2,33.2,1.496
544_1600_0,170.395,0.594,42.0,3.3,9.6,11.5,33.6,1.596
544_1600_1,170.307,0.594,42.1,3.5,9.9,11.2,33.3,1.596
544_1600_2,170.009,0.593,41.4,3.8,10.7,11.1,33.0,1.596
544_1600_3,170.374,0.594,42.0,3.3,9.3,11.6,33.9,1.596
544_1600_4,170.491,0.594,42.3,3.2,8.7,11.6,34.2,1.596
544_1700_0,160.387,0.594,41.9,3.5,9.4,11.5,33.7,1.696
544_1700_1,160.040,0.593,41.8,3.6,10.5,11.2,33.1,1.696
544_1700_2,160.268,0.594,41.6,3.5,10.1,11.5,33.3,1.696
544_1700_3,160.743,0.595,41.3,3.8,10.3,11.6,33.0,1.696
544_1700_4,160.414,0.594,41.5,3.4,9.8,11.5,33.7,1.696
544_1800_0,151.325,0.593,41.3,3.6,10.5,11.3,33.2,1.795
544_1800_1,151.230,0.593,41.6,3.6,10.4,11.3,33.2,1.795
544_1800_2,151.128,0.593,41.9,3.5,10.2,11.3,33.2,1.796
544_1800_3,151.059,0.592,42.0,3.4,9.7,11.2,33.6,1.795
544_1800_4,151.372,0.594,41.3,3.6,10.3,11.4,33.5,1.795
544_1900_0,143.657,0.595,41.7,3.4,9.9,11.6,33.5,1.895
544_1900_1,143.249,0.593,41.6,3.5,10.2,11.4,33.3,1.895
544_1900_2,143.208,0.593,41.6,3.5,10.1,11.4,33.4,1.895
544_1900_3,143.385,0.594,41.7,3.3,9.7,11.5,33.8,1.895
544_1900_4,142.765,0.591,41.9,3.4,9.6,11.4,33.7,1.895
544_2000_0,135.915,0.592,41.7,3.6,10.3,11.3,33.1,1.996
544_2000_1,136.034,0.593,41.7,3.8,10.2,11.2,33.1,1.995
544_2000_2,135.984,0.593,41.4,3.6,10.4,11.4,33.2,1.995
544_2000_3,136.020,0.593,41.5,3.5,10.3,11.3,33.4,1.995
544_2000_4,136.274,0.594,41.5,3.8,10.7,11.4,32.6,1.995
544_2100_0,129.755,0.594,41.6,3.5,10.4,11.3,33.2,2.095
544_2100_1,129.447,0.592,41.6,3.8,11.0,11.3,32.3,2.094
544_2100_2,129.710,0.594,41.6,3.7,10.6,11.2,32.8,2.095
544_2100_3,129.767,0.594,41.5,3.5,10.0,11.5,33.4,2.094
544_2100_4,129.982,0.595,41.2,3.8,10.6,11.5,33.0,2.095
544_2300_0,118.986,0.595,41.4,3.5,10.1,11.6,33.4,2.294
544_2300_1,118.658,0.594,41.8,3.7,10.1,11.3,33.1,2.294
544_2300_2,118.831,0.595,41.4,3.9,10.9,11.2,32.7,2.295
544_2300_3,118.820,0.595,41.2,3.6,11.0,11.1,33.1,2.294
544_2300_4,118.533,0.593,41.7,3.9,10.2,11.3,33.0,2.294
544_2400_0,113.256,0.592,42.1,3.7,9.9,11.1,33.2,2.393
544_2400_1,113.271,0.592,41.7,3.9,10.7,11.1,32.7,2.394
544_2400_2,112.974,0.591,41.7,3.5,10.5,11.1,33.1,2.394
544_2400_3,113.390,0.593,41.6,4.1,10.2,11.1,32.9,2.394
544_2400_4,113.225,0.592,42.1,3.6,10.2,11.0,33.1,2.393
544_2500_0,109.096,0.594,41.4,4.1,9.9,11.4,33.2,2.493
544_2500_1,108.697,0.591,41.5,3.6,9.0,11.3,34.5,2.493
544_2500_2,108.850,0.592,41.8,3.6,10.3,11.1,33.2,2.494
544_2500_3,108.868,0.592,41.7,3.6,10.7,11.5,32.6,2.494
544_2500_4,108.825,0.592,41.9,3.6,10.2,11.5,32.8,2.494
544_2600_0,104.559,0.592,41.6,4.2,11.5,10.8,31.9,2.593
544_2600_1,104.549,0.592,41.6,3.6,11.0,11.1,32.7,2.593
544_2600_2,104.632,0.593,41.8,3.6,10.3,11.2,33.1,2.593
544_2600_3,104.485,0.592,41.4,3.8,11.8,10.8,32.1,2.594
544_2600_4,104.661,0.593,41.5,3.7,10.5,11.2,33.0,2.593
544_3700_0,73.938,0.594,42.0,3.4,9.7,11.3,33.6,3.678
544_3700_1,73.814,0.593,41.7,3.5,10.7,11.3,32.9,3.679
544_3700_2,73.706,0.592,41.8,3.7,10.9,11.0,32.6,3.678
544_3700_3,73.748,0.593,41.5,3.7,11.6,11.0,32.2,3.679
544_3700_4,73.702,0.592,41.8,3.8,11.0,11.2,32.2,3.681
549_1000_0,87.207,0.445,54.9,5.9,0.7,19.5,19.0,0.997506
549_1000_1,87.718,0.448,55.0,5.8,0.8,17.0,21.5,0.9977820000000001
549_1000_2,87.329,0.446,54.3,5.7,0.6,18.8,20.6,0.997506
549_1000_3,87.040,0.444,55.0,5.9,1.2,16.2,21.6,0.997656
549_1000_4,87.326,0.446,53.0,5.8,0.9,19.9,20.4,0.99761
549_1100_0,81.120,0.455,53.2,5.6,1.1,19.9,20.0,1.097
549_1100_1,81.303,0.457,51.8,5.9,1.1,24.4,16.9,1.097
549_1100_2,81.152,0.456,53.4,5.9,1.1,18.8,20.9,1.097
549_1100_3,81.166,0.456,53.6,6.1,1.1,18.3,20.9,1.097
549_1100_4,81.142,0.455,53.5,5.8,1.2,18.7,20.9,1.097
549_1200_0,75.052,0.460,54.5,5.5,0.8,18.7,20.5,1.196
549_1200_1,75.620,0.463,51.7,5.9,0.8,18.7,23.0,1.197
549_1200_2,74.794,0.458,52.9,6.1,0.6,19.1,21.3,1.196
549_1200_3,74.903,0.459,52.5,6.0,0.8,19.3,21.3,1.196
549_1200_4,75.407,0.462,53.4,5.6,0.7,20.0,20.3,1.197
549_1300_0,70.429,0.467,51.8,5.4,0.7,21.5,20.6,1.297
549_1300_1,70.240,0.466,51.7,5.5,0.7,22.0,20.1,1.297
549_1300_2,70.661,0.469,56.7,5.6,1.1,12.6,24.0,1.297
549_1300_3,70.647,0.469,57.8,5.4,1.2,10.6,25.0,1.297
549_1300_4,69.656,0.462,54.5,6.1,1.1,20.1,18.2,1.296
549_1500_0,62.953,0.482,52.3,5.6,1.1,23.3,17.7,1.496
549_1500_1,62.900,0.482,48.3,5.5,0.6,23.8,21.7,1.496
549_1500_2,62.516,0.479,52.1,5.5,1.2,22.8,18.4,1.496
549_1500_3,63.028,0.483,49.5,5.7,0.6,25.0,19.1,1.495
549_1500_4,62.849,0.481,50.3,5.5,0.5,21.0,22.7,1.495
549_1600_0,59.924,0.490,49.7,5.4,1.1,23.9,20.0,1.595
549_1600_1,59.340,0.485,50.1,5.8,1.0,23.9,19.2,1.596
549_1600_2,59.696,0.488,49.9,5.4,0.6,24.3,19.9,1.595
549_1600_3,59.640,0.487,50.5,5.4,1.0,22.8,20.3,1.596
549_1600_4,59.985,0.490,48.7,5.5,1.0,25.4,19.5,1.596
